383.588
383.259
383.417
383.588
383.249
383.249
384.0
383.93
384.0
384.0
384.0
384.0
383.891
383.799
383.75
383.8
383.8
383.75
383.3
383.31
383.32
383.32
383.072
383.746
383.939
384.0
383.802
384.0
384.0
383.6
383.11
383.3
383.933
383.933
383.933
384.2
384.499
383.95
384.499
384.486
383.988
384.486
384.02
384.0
384.0
383.952
383.676
383.111
383.0
383.44
383.44
383.439
383.142
383.0
383.064
383.064
383.064
383.0
383.064
383.0
383.0
383.0
382.911
382.51
382.9
382.9
382.9
382.9
382.9
382.9
383.288
383.288
383.157
383.493
382.5
382.52
382.521
382.5
382.52
382.5
382.5
382.5
382.5
382.5
383.153
382.5
382.5
382.5
382.51
382.672
382.51
383.09
383.09
382.52
382.52
382.931
382.992
382.992
382.5
382.992
382.669
383.007
383.007
383.812
383.978
383.313
383.989
383.509
383.99
383.879
383.6
383.6
383.788
383.21
383.503
382.836
383.468
383.723
382.992
382.992
382.992
382.992
383.6
383.6
383.6
383.6
383.6
383.4
383.56
383.56
383.6
383.33
383.6
383.57
383.53
383.609
383.34
383.6
383.6
383.6
383.58
383.59
383.59
383.59
383.59
383.53
383.53
383.785
383.9
383.9
383.9
383.9
383.56
383.52
383.55
383.814
383.84
383.87
384.103
384.103
384.103
384.103
384.103
384.103
384.5
384.12
384.12
384.22
384.22
384.23
384.23
384.2
384.28
384.28
384.28
384.4
384.4
384.504
384.504
384.504
384.75
384.7
384.5
384.5
384.667
384.676
384.501
384.773
384.714
384.714
384.549
384.5
384.715
384.5
384.5
384.535
384.498
384.714
384.845
384.498
384.498
384.12
384.888
384.988
384.801
384.876
384.876
384.87
384.895
384.99
384.99
384.99
384.868
384.868
384.868
384.8
384.86
384.8
384.8
384.8
384.86
383.894
383.978
384.503
384.321
384.488
383.978
384.25
383.978
383.485
383.662
383.99
383.985
384.39
384.39
384.329
383.817
384.349
383.996
383.817
383.866
384.35
384.35
384.989
384.989
384.989
384.989
384.989
384.989
384.989
384.989
384.99
384.989
384.989
384.99
384.99
384.989
384.99
384.98
384.98
384.98
384.98
384.98
384.99
384.985
384.98
384.985
384.98
384.985
384.986
384.99
384.99
384.99
384.99
384.985
384.98
384.99
384.544
384.989
384.95
384.94
384.9
384.9
384.91
384.197
384.91
384.85
384.683
384.872
384.872
384.84
384.705
384.667
384.84
384.84
384.84
384.86
384.364
384.86
384.86
384.86
384.844
384.707
384.707
384.672
384.9
384.85
384.835
384.729
384.85
384.85
384.85
384.85
384.85
384.89
384.88
384.864
384.709
384.709
384.895
384.92
384.93
384.93
384.925
384.93
384.93
384.93
384.446
384.93
384.9
384.9
384.928
384.93
384.539
384.539
384.92
385.0
385.0
385.0
384.942
385.0
384.942
384.999
384.999
384.999
385.0
385.0
385.0
384.999
384.999
384.813
384.732
384.532
384.532
384.06
384.062
384.062
384.543
384.543
384.142
383.75
384.2
384.197
383.978
383.8
384.04
384.0
384.04
384.04
383.988
384.0
383.988
384.0
384.0
384.0
384.0
383.781
384.184
384.0
384.1
383.982
384.1
384.1
384.1
384.04
384.023
384.02
384.022
384.02
384.0
383.99
383.8
383.722
383.8
383.3
383.722
383.34
383.722
383.532
383.65
383.18
383.977
383.83
383.822
383.8
383.797
383.647
383.6
383.6
383.522
383.51
383.67
383.799
383.8
383.79
383.789
383.789
383.789
383.789
383.745
383.6
383.6
383.749
383.749
383.8
383.8
383.8
383.8
383.98
383.8
383.873
384.0
383.993
384.02
384.02
384.209
384.17
383.994
384.0
383.988
383.98
383.9
383.899
383.85
383.85
383.601
383.6
383.55
383.55
383.55
383.55
383.55
383.5
383.5
383.5
383.52
383.52
383.549
383.548
383.549
383.549
383.499
383.499
383.41
383.35
383.5
383.482
383.5
383.49
383.49
383.492
383.5
383.45
383.2
383.45
383.503
383.503
383.5
383.5
383.5
383.5
383.176
383.55
383.61
383.84
383.838
383.828
383.819
383.819
383.799
383.749
383.749
383.749
383.898
383.898
383.897
383.897
383.897
383.813
383.5
383.68
383.5
383.832
383.635
383.634
383.635
383.635
383.5
383.755
383.755
383.808
383.654
383.5
383.5
383.799
383.696
383.689
383.689
383.643
383.642
383.642
383.642
383.642
383.642
383.5
383.563
383.563
383.563
383.563
383.563
383.563
383.677
383.639
383.639
383.639
383.638
383.677
383.677
383.677
383.677
383.677
383.66
383.799
383.8
383.799
383.799
383.71
383.71
383.699
383.799
383.64
383.11
383.301
383.14
383.351
383.131
383.131
383.351
383.352
383.349
383.147
383.11
383.66
383.61
383.53
383.509
383.341
383.0
383.0
383.0
383.0
383.0
382.98
383.0
383.798
383.631
383.475
383.505
383.649
383.008
383.008
383.525
383.66
383.659
383.798
383.662
383.799
383.799
383.799
383.79
383.799
383.799
383.8
383.5
383.689
383.8
383.8
383.8
383.8
383.799
383.8
383.8
383.98
384.0
384.0
384.519
384.513
384.7
384.508
384.369
384.369
384.369
384.19
384.0
384.011
384.169
384.17
384.369
384.369
384.504
384.504
384.504
384.49
384.489
384.49
384.31
384.0
384.01
384.503
384.504
384.382
384.489
384.489
384.489
384.489
384.49
384.49
384.49
384.49
384.372
384.321
384.321
384.49
384.49
384.49
384.49
384.49
384.48
384.48
384.49
384.49
384.504
384.49
384.504
384.504
384.504
384.5
384.504
384.504
384.504
384.5
384.504
384.889
384.802
384.923
384.888
384.923
384.999
384.55
384.888
384.61
384.68
384.68
385.277
385.28
385.217
385.216
385.44
385.25
385.424
385.424
385.3
385.5
385.366
385.601
385.8
385.8
385.886
385.8
385.85
385.886
385.8
385.808
385.808
385.8
385.808
385.886
385.886
385.801
385.886
385.9
385.933
385.937
385.5
385.8
385.755
385.8
385.8
385.699
385.699
385.699
385.52
385.907
385.907
385.839
385.92
385.879
385.912
385.896
385.989
385.911
385.62
385.99
385.989
385.99
385.99
385.989
385.99
385.985
385.975
385.97
385.975
385.975
385.975
385.983
385.974
385.983
385.984
385.988
385.985
385.986
385.986
385.99
385.989
385.989
385.99
385.99
386.32
386.76
386.552
387.149
387.0
387.335
387.602
387.683
387.61
387.61
387.62
387.62
387.815
387.926
387.849
387.926
387.918
387.849
387.999
387.851
387.634
387.312
387.312
387.62
387.633
387.456
387.456
387.33
387.329
387.311
387.33
387.33
387.089
387.33
387.087
387.33
387.1
387.32
387.32
387.3
387.32
387.32
387.32
387.32
388.192
388.189
387.999
388.0
387.925
387.888
388.0
387.888
387.999
387.999
387.848
387.999
387.999
388.026
387.858
387.858
387.858
387.77
387.77
387.77
387.77
387.78
387.858
387.858
387.858
388.167
388.21
388.58
389.0
389.288
389.988
389.43
389.585
390.411
389.777
390.269
390.511
390.67
390.193
390.193
390.186
390.193
390.356
390.575
390.271
390.499
390.271
390.271
390.224
389.7
390.29
390.47
390.763
390.625
390.7
390.911
391.07
391.211
391.432
391.028
391.018
391.272
391.19
391.02
391.4
391.39
391.398
390.908
391.0
390.908
390.8
390.918
390.524
390.78
390.78
390.499
390.78
390.685
390.78
390.78
390.35
390.311
390.311
390.311
390.0
390.0
390.01
390.01
390.521
390.02
390.012
390.0
390.0
390.01
389.98
390.01
389.98
389.9
389.711
389.7
389.9
389.7
389.865
389.865
389.864
389.51
389.5
389.5
389.7
389.899
389.899
389.899
389.899
389.899
389.98
389.98
389.98
390.0
390.0
389.98
389.99
390.0
389.99
390.012
390.012
390.929
390.739
390.7
390.068
390.068
390.146
390.07
389.99
389.724
389.8
390.167
389.808
389.808
390.17
390.17
390.17
390.498
389.876
390.599
390.6
390.599
390.599
390.118
390.309
390.28
390.31
390.599
390.599
390.122
390.599
390.699
390.122
390.568
390.519
390.0
390.698
390.513
390.697
390.698
390.313
390.698
390.698
390.698
390.337
390.698
390.338
390.7
390.7
390.339
390.339
390.293
390.331
390.332
391.0
390.282
390.143
390.912
390.162
390.507
390.905
390.162
390.162
390.162
390.167
390.167
390.899
390.897
390.743
390.953
390.875
390.874
390.295
390.871
390.876
390.988
390.985
390.989
391.338
390.574
390.462
391.3
391.307
390.84
391.27
391.27
391.0
391.1
391.08
391.177
391.393
391.516
391.517
391.77
391.8
392.311
392.0
391.177
391.177
391.696
390.985
390.985
391.747
391.064
391.6
391.064
390.983
391.061
391.341
390.911
391.175
391.325
391.326
391.26
391.0
391.284
391.266
391.995
391.999
391.997
391.366
391.93
391.369
391.997
391.88
391.877
391.247
391.873
391.553
391.973
391.973
391.93
392.0
392.341
392.567
392.611
392.697
392.888
392.88
392.342
391.625
392.338
392.884
392.888
392.314
392.691
392.689
392.161
392.85
392.844
392.178
392.36
392.88
392.631
392.614
392.634
392.614
392.612
392.171
392.614
392.599
392.172
392.173
392.685
392.833
392.276
391.511
390.8
391.149
390.922
390.85
390.8
391.154
391.53
391.96
391.25
391.25
391.262
391.25
391.3
391.25
391.0
390.799
390.799
390.799
390.711
391.0
390.98
390.98
390.98
391.27
391.02
391.021
391.14
391.139
391.002
391.14
391.153
391.23
392.097
392.1
392.1
391.5
391.499
391.5
391.489
391.5
391.501
392.1
392.716
392.855
392.135
392.0
391.785
391.955
391.955
391.662
391.64
391.411
391.5
391.5
391.4
391.358
391.011
390.95
390.7
390.5
390.506
390.09
390.09
390.0
390.09
390.0
390.0
390.0
390.0
389.999
389.999
390.099
390.1
390.1
390.693
390.432
390.699
390.42
390.146
390.15
390.146
389.632
390.395
390.505
390.498
389.705
390.535
389.859
390.68
390.68
390.68
389.832
390.33
