0900031805541
0900077123924
0900123413595
0901132053463
0901410597557
0902160120646
0903206058154
0903326554419
0903597356719
0904060752683
0904554457215
0905362167296
0905542282905
0907000623768
0907075897711
0907155109830
0907370153164
0908044879644
0908182335705
0908460055055
0908570184598
0909257443058
0909385840630
0910059125341
0910102298645
0910154068657
0910576711010
0911079522163
0911380940834
0912186080821
0912334411190
0912433817694
0913285320491
0914220347746
0915224596842
0915536442941
0916267748157
0917256053132
0917467461977
0918114786189
0919016555036
0919519868353
0920073925629
0920451622507
0921222987561
0921569126999
0922426471917
0922526385237
0923177520840
0923283172954
0923347458654
0923503114208
0924033928525
0924093794794
0924496154704
0925457555358
0926348777700
0927070773864
0927098134990
0928021770582
0928265532440
0929252202659
0929387328294
0929452084403
0930167378222
0930362010340
0931085373478
0931184941257
0931288523373
0931583234383
0932175298696
0932282645869
0933073096678
0933111020730
0933243909071
0933435092645
0934101983662
0934590608889
0935175207086
0935255266206
0935332744233
0936348622937
0937149162617
0937230161348
0939285078163
0939448788600
0940109786984
0941201931293
0941330365653
0943001719478
0943132115787
0943211458712
0943314889805
0945231058361
0946081342221
0946429676176
0947067288423
0947112400959
0947327051734
0948049848909
0948118557685
0948274272564
0949088913306
0949539949328
0949595536380
0951372691037
0951429574128
0951599713505
0952217835499
0953159785927
0954154858298
0955373326263
0956101899852
0956327166959
0956488611469
0957122427662
0957317664313
0957449842520
0957519659447
0958246783819
1000101199958
1002338069616
1003101476894
1004080600611
1004212492008
1004260283611
1004313394169
1004450055331
1005123505905
1005391480912
1006405633477
1007303405809
1008084944569
1009017071829
1009268310570
1010454061437
1011346001269
1011420116615
1012317798290
1014119697731
1015154833223
1015326198896
1015525385346
1015589689857
1016190919035
1016250319003
1016532762848
1017148767943
1017253388438
1017341681917
1018060773219
1019263490261
1019452082790
1020319109515
1021549734911
1023340962497
1023392575524
1023449378079
1024076663492
1025019114635
1025286258009
1025331365040
1025466071385
1026274137589
1027047038122
1027178943153
1027301733809
1028038996339
1028138843727
1028274039788
1029270684703
1030101512339
1032086887798
1033038000491
1033111060025
1033237718173
1033300938821
1033589945913
1034152600197
1034562366412
1035011297213
1035109485525
1035549985750
1035599346968
1037005130180
1038107933605
1038365939076
1038418141151
1040191234605
1040277030824
1040396681314
1040492042214
1041119045516
1041202350214
1041465419631
1041535800262
1042008574745
1042477131434
1043033574937
1043331844745
1043460372920
1044087935726
1044146418238
1044291566257
1044500251588
1045025678033
1045108252500
1045313838544
1045538318009
1046178297641
1046516561656
1047327184828
1048044452851
1048170646969
1048389276014
1049472728659
1050254617831
1050359730624
1050453815585
1050543158536
1051088288980
1051314780960
1051506368086
1052055076661
1052543279709
1053266293503
1054003216918
1054117922401
1055183148515
1056138621458
1056440552721
1057286156600
1057410327195
1058392337438
1058575534142
1059179891242
1059199591364
1100029939062
1100247318409
1100544264303
1101407593538
1101532123979
1102031791535
1102376744222
1102557209361
1103106663578
1103315709557
1103378423949
1103470549208
1103534214152
1105085145763
1105313630509
1106109976368
1107087852721
1107183347893
1107244567107
1107337010826
1107538048893
1108057414949
1108292933253
1108402618379
1108593809083
1109015417182
1109085567943
1109313164910
1110015769131
1110323454382
1111421033561
1111558079143
1112083159391
1113312443255
1113478312266
1114575209799
1115468896217
1116209541309
1116319931003
1116570511593
1117372460627
1117569082850
1118112794652
1118593365592
1119228264500
1119405114470
1120078618730
1120500239709
1121123127704
1121455293502
1122082168552
1122244305347
1122534117648
1124143469237
1124266954477
1124567485660
1125236162879
1125592452276
1126111024061
1126597786980
1127406629471
1128022596127
1128061548839
1128113689549
1128447533979
1129012570571
1129087802309
1130059081422
1130589320958
1131150247837
1131391452298
1131592623598
1132098064427
1132573477002
1133397683555
1133467205896
1134049888941
1134339510897
1134598532818
1135296688739
1136066994265
1136148733100
1137066609560
1137187016146
1137247831166
1137514852147
1137593403156
1138052515328
1138279346282
1139073173121
1140041417625
1140324048683
1140533263908
1140586333790
1142055512050
1143020101126
1143150931844
1143250503938
1143379303311
1144145348419
1144243772246
1145043462901
1145172199581
1145475206058
1146196691594
1147254023578
1147520431252
1148162271069
1148444431226
1149082769385
1150077581817
1150229357670
1150358880824
1151086595710
1151287955661
1151462895780
1152173097847
1153300677105
1154187188717
1154422821494
1155216003932
1155308656888
1156296316362
1156496790190
1157202227261
1158248883125
1158594139812
1159077848835
1159123531811
1159226213076
1200260220833
1200483896912
1201256201660
1201322081574
1202106448618
1202211433077
1203153137635
1203250959194
1204226730395
1204285457808
1205042889149
1205283106407
1206074058295
1206397216765
1206559500337
1207173417043
1207335207742
1208060648907
1208296841828
1209096911654
1209258330853
1209472471640
1210304136632
1211370814675
1211426850832
1212035429345
1212149079093
1212321433273
1212442843788
1213291425323
1214112894899
1214251192746
1214395247857
1214585264912
1215108571152
1215508023494
1216116303237
1216360671001
1217122060780
1217267064444
1217357792061
1218017872369
1218161417237
1218388315833
1219217966157
1219412187898
1219528331713
1220049578959
1220412589952
1220564020276
1221389169315
1221505462901
1222417308150
1223025654406
1223200812093
1223390644757
1223552727703
1224243945908
1224437300574
1224546655183
1225267694348
1225393130881
1225479288014
1226539840989
1227128386807
1227566076992
1228395293772
1228584573631
1229145037359
1229573165833
1230407427955
1230497113923
1231485498238
1232085540339
1232533844128
1233028865432
1233170292202
1233492981513
1234153101659
1234226364702
1234295578544
1234515956814
1235500745022
1235567431147
1236318527809
1236552791540
1237179648416
1237258510070
1237329417810
1237426585052
1237516132313
1237591373145
1238186138612
1238410915718
1238487694586
1238526656277
1239211701637
1239325246871
1239405735724
1239495377307
1240059280085
1240149044873
1240213291737
1240524389439
1240585816225
1241391636540
1241529020105
1242569024791
1243047380445
1243464313368
1243554326039
1245129269459
1246094491499
1246247916752
1246437283022
1247148611887
1247513328393
1248050515381
1248440081334
1248547759009
1249166717905
1249461070278
1249590441915
1250102125506
1250175541443
1250442412971
1251106550467
1251367041037
1252043635597
1252131075664
1252361402046
1253162736952
1253316579835
1254202172631
1254593109672
1255162866255
1255295680045
1256138717094
1256281021167
1257084279046
1257318282548
1258005218672
1258339237651
1258556994678
1259139339582
1259270811493
1259421957021
1300427903781
1301039117820
1301501867198
1302189482322
1302423145219
1303157689306
1303466415550
1305376092731
1306204075354
1307069727351
1307467173694
1308110637133
1308267315920
1308586781681
1309246426298
1310079563506
1311002310674
1311191505529
1311518474648
1312120407237
1312558902987
1313182064496
1314046922351
1314417838576
1315139827226
1315443137343
1316451182926
1317298502457
1318320793713
1318495965149
1319253139906
1319546518354
1320024909809
1320179384658
1320519078661
1321250316399
1321563093937
1322291250553
1324304872137
1325136672345
1325268591648
1326349523933
1327190500249
1327278550808
1328459618719
1328532847942
1329260663050
1329421755190
1329492580343
1330165794186
1330348270964
1331129163617
1331456071301
1332075159852
1333121914414
1333452625999
1334370578886
1335263546170
1335449983274
1336081170459
1336451732180
1337091442069
1337230132263
1337406128936
1338216778582
1338474432772
1339327519277
1340145808632
1340256348459
1340471556304
1341406140695
1342094221656
1342407032896
1343164857686
1344163901745
1345522921975
1346091322368
1346217944420
1347292266289
1347400589535
1348162654360
1348300168207
1348521221756
1349258703094
1351007170162
1351553130536
1352409528476
1353339652460
1354184018934
1354363293336
1355233729852
1356282473363
1357202616459
1357518236512
1358331204514
1358581454862
1359147257907
1359504024064
1359560161442
1400334683555
1400464201048
1401203347494
1401337508438
1402106607089
1402378517084
1403387034798
1404238591754
1404435213761
1404508303819
1405368476087
1407066822199
1407593649938
1408538656627
1409188681841
1409219307638
1409381584671
1410254884046
1410482205499
1411026695640
1411493015312
1412428997326
1413156835594
1413500934867
1414219627604
1415590839531
1416213409088
1417450701590
1418010265540
1418313496296
1418544084496
1420304685577
1421337367762
1423214379107
1423404505368
1423530817196
1424568365127
1425082644452
1425145517200
1425393678094
1425520874949
1426430871385
1427225943558
1427518776538
1428209372553
1428333460160
1429090740455
1429488938324
1430206063936
1431180373610
1431305093453
1431461276269
1432197821188
1432308973802
1433063582748
1433407702811
1434253566602
1434325436564
1435084598891
1435178362955
1435422107085
1435558594113
1436024506142
1436370236332
1437257284483
1437359598857
1438014512810
1439140731475
1440256399855
1441022693634
1441531723640
1442157659109
1442505442152
1443308289155
1443588733281
1445234717437
1445567557646
1446112579865
1446489447095
1447334665550
1448174837736
1449153417715
1449572125154
1450553229066
1451023637416
1451248725824
1452136696444
1453133059313
1453330466616
1453516571412
1454447135552
1456408698254
1457277468531
1458289368635
1459234273770
1500155333087
1501357148169
1502195489676
1502389385322
1502460952098
1503282049502
1504264886898
1505516370774
1506082299294
1506502939326
1507025975206
1507410172464
1508129068516
1508193605865
1509277317946
1510035762608
1511226215324
1512106915035
1513039688448
1513351016931
1514378421552
1515183361418
1515552956137
1517075687871
1518197491357
1518292400056
1519077176712
1520126979976
1520431991451
1522080149646
1522264564469
1522433159392
1523190188594
1523492472323
1524417733734
1525502162644
1527329262839
1528060632022
1530151588492
1531320713192
1531517721418
1532139189130
1533428547683
1533574515111
1534211187645
1535030207173
1535342832909
1536070885185
1536206514730
1536568246948
1537062419085
1537442478747
1538182389957
1538394908338
1538536963226
1538582245611
1540040644359
1540111101753
1540393639536
1540539334059
1541295998288
1542091987226
1542478287388
1543087052592
1543281609567
1544035043200
1544304279886
1544475695577
1545534609527
1546208164189
1546412828904
1547034508325
1547204734417
1547552847959
1548546786192
1549338570805
1550012610639
1550509717229
1551128517476
1552075917160
1552435273454
1553262924631
1554226748255
1554347607289
1554425607839
1555385046843
1556203346232
1556353964025
1556529919521
1557230703698
1557570769196
1558383316864
1559191332448
1600315905176
1601420793200
1602102145040
1602420302350
1603189248682
1603378474281
1604506729460
1605213385698
1605369063753
1606199826750
1607000092800
1608372291798
1608507544753
1609275655588
1609538513326
1610264708799
1610473101573
1611542207849
1612211601336
1613552937005
1614205252434
1614491331405
1615098759878
1615280803286
1617412115635
1617539691629
1618355277612
1619123514324
1619223574917
1619408608322
1620000097775
1621177206823
1621377303071
1622012901523
1623236455177
1624087156149
1624271355965
1625141737077
1625552606333
1627061319405
1627427625124
1628016901828
1628187597013
1628369275285
1629209043363
1629343499449
1630057682963
1630590416136
1631200321634
1632032111327
1632454431349
1632499025575
1633011809685
1633265339469
1634204163580
1634475364541
1635317643374
1637135791494
1638153979309
1638312651063
1638523648857
1639350467138
1639406493205
1640254988255
1640481522702
1641141061217
1641254651489
1641565306215
1642098559617
1642439103436
1643265920912
1644242174016
1645117125308
1645191296463
1646138945787
1646312282717
1646437978771
1647419573574
1648164741941
1648466678113
1648530313221
1649144725484
1649275912528
1649535073688
1650367806338
1651143527378
1651464035812
1652006382686
1652331260058
1652536561636
1653367721724
1654082506495
1654200606244
1655003047584
1655080964965
1655362250683
1656013747245
1656092105437
1656346187551
1656401142988
1656458551185
1657039984563
1657201230208
1657342559683
1657451570645
1657561915387
1658106115407
1658130198654
1658230363992
1658436515617
1658533764506
1659056998200
1659186322824
1700107712348
1700194948698
1700235733587
1700281615851
1700362315348
1700391425580
1701056185786
1701267439343
1701447079388
1702341864898
1703443449310
1704221539778
1704581457357
1705097129212
1705428942426
1706426878651
1707225763819
1707477350262
1708191794237
1708352702086
1708545242032
1709283593623
1710006940277
1710330763839
1711244041237
1712081877404
1712424651384
1712568432759
1713159662749
1713418796005
1714048266933
1714583388334
1715196390093
1717134063979
1717289823064
1717588746570
1719070656015
1719202043214
1720388034034
1720521246571
1721522102159
1721585355781
1722358710466
1722598612840
1723390515560
1723480388215
1724546712295
1725063980239
1725393930022
1726076398283
1726356565621
1727025193595
1727235695127
1727317262175
1728455881131
1729050270405
1729523470477
1730501438604
1731285544499
1731369215156
1731506556752
1732206100480
1732595802598
1733209219416
1733529901616
1734257765881
1735111600429
1735520694438
1736163459719
1736453118210
1738060124429
1738365215408
1739526131944
1740108947703
1740310452322
1741211570744
1741400880688
1742394730529
1743130932572
1743466894318
1744093189100
1744391034158
1745095848701
1745467488872
1746587635406
1749219036669
1750162399879
1751336353996
1752291941842
1752424903323
1752500141949
1753091606944
1753416917832
1754266391315
1754434476322
1755341636499
1755571270103
1756354985584
1756499305480
1757156806698
1758001826493
1758108231936
1758274826556
1758599222952
1759192504082
