0900017536442
0900060788112
0900096498149
0900126251248
0900148865532
0900174923162
0900217977596
0900260534210
0900290329028
0900347642469
0900396976978
0900429245474
0900469176927
0900508537887
0900542587686
0900589329348
0901041336490
0901089062653
0901151674372
0901187806318
0901205187027
0901230441479
0901285235010
0901374891774
0902421464086
0902509187899
0903089741210
0903216678843
0903373373618
0904418212741
0905135672941
0905196496079
0905238055307
0906216996643
0906251091402
0906426240691
0906453150675
0907045047324
0907090410440
0907141691450
0907203726839
0907237328416
0907267327087
0907297089650
0908300295312
0908367139065
0909302369562
0909422448242
0910114035416
0910236208974
0910316309600
0910592883668
0912011447013
0913031081448
0913108580250
0914344235414
0914386379837
0914396961098
0914436444891
0914536701198
0916583620513
0919106663107
0919261891922
0920375957850
0923049593745
0923120222423
0923247659227
0923311958689
0923358687034
0923376892733
0924433894787
0925235949764
0925330020550
0925510646679
0926071218955
0926230868066
0927276453412
0927354212011
0927419236157
0927502549444
0928012355596
0928100086218
0929132161912
0929177448072
0929283421209
0930472988198
0930568930973
0931136981043
0931158213309
0931191265698
0931219234361
0931249437460
0931320265018
0931368353630
0931381045724
0932383209759
0932505761707
0933007423542
0933231187415
0933278544698
0933561609591
0934132635042
0935069003108
0935119506320
0935229402483
0935447704121
0935548930772
0936037425719
0936220413483
0936313396648
0936355351093
0936403494272
0937340738487
0938395438133
0939334394356
0939361185068
0939396654123
0939421126557
0939465090011
0939516218106
0939529271821
0941542232525
0942114864358
0942142715998
0943191353092
0944431307404
0944452834041
0944502545121
0944539276463
0944558372144
0945182087222
0946168592851
0947134863886
0949208949892
0950297624197
0950363016528
0950484653823
0951024006210
0951193552513
0951316942079
0951453123594
0952462707978
0952492755603
0952538450688
0952572875338
0953158367811
0953262399080
0953384506406
0953500308122
0954034721812
0954166818286
0956127364159
0957121831980
0957240537139
0957413198597
0957487834971
0957573171167
0959068715384
0959215041389
0959328200478
0959562851104
1000074698466
1000100632311
1000143040090
1000154919433
1000202456018
1000241767127
1000268174626
1000313443805
1000332940323
1000353171330
1000377777460
1000390988652
1000414138664
1000467020844
1000514768358
1000568121415
1000586081400
1001058599143
1001083695295
1001107874243
1001131156369
1001157546437
1001177451330
1001199542735
1001278144115
1001323668404
1001334532244
1001391807413
1001521360514
1001568990319
1001589948449
1002019687665
1004125932900
1004286646975
1009211550184
1009232143276
1011046300146
1011219390732
1011244847456
1011362730370
1011442047573
1012508462511
1012540088888
1012583154729
1013057467041
1014080364891
1014133113125
1014243613288
1015034847593
1015187835005
1015229954718
1016286253717
1016459505799
1016483256624
1017284318115
1017362722279
1017471973483
1017554250838
1018112008207
1018253530680
1018332341434
1019317573132
1019374447772
1019395406028
1019428608481
1019478804079
1019503500552
1021045827109
1023137520480
1023167912934
1023183577831
1023206643950
1023496076937
1023557896171
1024164988575
1024386721359
1026018553336
1026049451771
1026080187510
1026158922677
1027253859703
1027451225258
1028016415386
1028164463111
1028317745840
1028376853206
1028401344338
1029090567514
1029139496982
1029191465898
1029225720819
1029276272054
1029374859504
1029391928805
1029401370399
1029415516843
1031173467048
1031246561362
1031311426244
1033371044608
1033458492065
1033488450025
1033530197930
1033571384108
1034031020445
1034051206136
1034098155031
1034154878991
1034175023768
1034219548502
1034281944508
1034303383955
1034403532240
1034485758033
1035039879997
1035107660886
1035189622277
1035246738476
1035369491089
1035429070362
1035462708125
1035506736813
1035531018791
1035551207055
1035582655315
1036029095064
1036049326692
1037079793678
1037227315217
1037339673969
1037485744995
1038563521254
1038582535585
1039138096938
1039285946140
1039296579885
1039331071249
1039409207436
1040091993791
1040130352260
1041128248050
1041423254707
1041444828938
1042373967527
1042390467984
1042411055852
1042454511874
1042502590055
1042525426947
1042561938972
1043012207477
1043071517011
1043103669875
1043131993530
1043164564393
1043274601089
1043323492856
1044354928328
1044404431383
1044408530993
1044432092054
1044448265702
1044527616051
1044584532566
1045010074144
1045088595067
1045110035961
1045388220311
1045489910239
1046493246515
1046521426732
1046570398405
1047018918686
1048001723794
1049556153217
1049591814409
1050283602246
1051217779373
1051234277563
1051272543870
1052265113699
1052303869619
1052314858952
1053269536853
1053427551785
1054417534150
1054495456362
1054599552035
1055032144706
1055069676031
1055099798445
1055137671321
1055183351313
1055243671407
1055314322695
1055376669862
1055451387198
1056052621081
1056093412424
1057590437233
1100116646405
1100151634574
1100215144153
1100265579576
1100298890959
1100332862340
1100388684678
1100438877994
1100490137206
1100550427730
1101019424703
1101066577013
1101128803588
1101193462175
1101239070214
1101289854609
1101383629956
1101428754300
1101500445513
1101528109965
1101581717721
1102080929350
1102139673820
1102184671154
1102236554653
1102297767124
1102359712140
1102410018069
1102453311667
1102533902232
1103004673816
1103067709736
1103145376842
1103308253046
1103405707049
1104391623139
1104521680007
1105040045680
1106594374566
1107062309852
1107188861421
1107293140054
1108015658696
1108180404979
1110080186618
1110204540201
1110404377240
1111002634640
1111250384093
1111408018532
1111545490722
1112065242826
1112212108665
1112355841569
1112478092704
1113037476222
1113225809114
1113366641283
1113431019813
1113475622685
1113594132173
1114136640150
1114303036352
1114455518759
1114568114433
1115079961400
1115130427160
1115230806559
1116224281576
1118303860533
1118426228445
1118516175880
1119095278482
1120131519978
1120289868153
1120317722435
1121027745964
1121111498970
1121200173846
1121389487377
1121473229298
1122234292119
1122324747594
1122539835493
1123296459616
1123391076035
1123560143515
1124590387769
1125118638179
1125387101793
1125486130856
1127548406657
1128595911219
1129569385512
1131037041809
1131260578232
1132403656987
1132506524765
1133132269321
1133286418901
1133452083582
1134123544013
1134316436751
1134540760710
1135166685159
1135436244758
1135503570241
1136015626149
1136384122214
1136409211936
1136544056493
1137118748788
1137245601177
1137336254506
1137436401425
1138007841405
1138193355188
1138356660698
1138451564765
1139537122244
1140067312459
1140117471714
1141156458634
1141369972885
1141470296349
1142435280804
1142532130435
1143014384278
1143061089830
1143375641531
1143479400567
1143580534459
1144121675042
1144268418523
1144353228674
1144519646694
1144565999837
1146510108809
1147102993680
1147169211918
1147311918142
1147435827341
1147555997728
1149460191413
1149528650740
1149581260475
1150071048961
1154059433468
1154343081582
1154391405895
1154444667258
1154524982828
1155085432209
1155167029624
1155176190008
1155201957619
1156228861338
1157224891361
1157317291623
1157424094816
1158457525520
1159011325804
1159045014227
1159366796430
1159452614848
1159550087932
1159584626469
1200042068391
1200131679205
1200199833420
1200247532465
1200306106307
1200371209917
1200424344881
1200474434236
1200531354043
1201029438456
1201186160503
1201283361722
1201390912018
1201453341972
1201508107999
1201594218030
1202089975448
1202126948872
1202264422658
1202329683907
1202434350778
1202544970590
1203035925525
1203120356530
1203176366081
1203241716009
1203297655615
1203369764019
1203451482855
1203564047076
1204075725465
1204201659504
1204287299707
1204392757542
1204553089610
1205095029726
1205314525519
1205506795295
1206121975754
1206289456041
1206420204778
1206533148495
1207094519659
1207298033239
1207403271205
1207559067926
1208072687767
1208250902675
1208383201313
1208545811168
1209112964209
1209326884354
1209550964306
1210165936224
1210357522806
1210510543225
1211109348165
1211187970969
1211313161518
1211408321014
1211479550421
1212015888983
1212041224308
1212190468968
1212266178393
1212411308107
1212512905275
1213021236931
1213128808612
1213254770638
1213337202097
1213436462770
1213568963194
1214102357239
1215089149968
1215235183845
1215401934221
1215512767345
1215589197647
1216018694863
1216044193852
1216103455943
1216158257941
1217135600999
1217209541203
1217323749422
1217432329130
1217548461759
1219533642377
1220074024005
1220127040226
1220348494125
1220395037385
1220465327498
1220520981261
1221001764143
1221586862253
1222114107505
1222243777847
1222459591737
1222522938433
1223532173533
1225063325733
1225250179453
1226530264168
1227160498548
1228238251128
1228258313434
1228347831482
1228527085346
1229039330039
1229138713026
1230094015930
1230146433471
1230234624023
1230303839685
1230337605841
1230388494781
1230407063159
1230440795366
1230533159768
1230568997283
1231051926718
1231087338919
1231286198303
1231374131165
1232082327256
1232090080742
1232121664153
1232155073694
1232279824725
1232558450275
1233010337867
1233046583276
1233052199370
1233083590903
1233098955783
1233126316573
1233179131504
1233198796103
1233244286910
1233277933803
1233285389448
1233290781738
1233309632002
1233344415493
1233375948246
1234338563715
1235326266965
1235494624170
1236437775021
1236492260787
1236530572501
1237007687834
1237065131075
1237106641405
1237223233103
1237308214587
1237353296613
1238055385325
1240150260767
1240202918644
1241184021383
1241221930199
1241287209166
1241344288336
1242028738520
1242573689872
1243047988810
1243151935101
1244220846312
1245260798995
1245291849661
1246179189800
1246463028329
1247049115618
1248555502413
1249008363685
1249186461357
1249230234435
1249248757677
1249430056413
1249476113376
1249529346569
1250495480808
1253067105053
1253478000526
1253524753668
1254162562897
1254257430705
1254531047380
1254597984581
1256295108369
1256447855743
1258313492520
1259403875273
1300229221897
1300413064422
1300545310739
1301095172293
1301224406082
1301434404471
1301530827003
1302044796819
1302081691520
1302193979531
1302384870630
1303069737709
1303413386379
1304062560541
1304279296024
1304564445165
1305211821321
1305381403253
1306341563565
1306572682101
1307033277564
1307133862243
1307177563677
1307248506433
1307290523498
1307335942380
1307471065581
1307599720588
1308179275025
1308223905291
1308289330837
1308336840485
1308443868454
1308562456455
1309489662893
1310086050502
1310203744833
1310453960033
1311067283410
1311241979085
1311443068031
1313200024065
1313544442554
1314079420975
1314241319996
1314423458282
1314566361467
1315109505720
1315429362965
1315598940144
1316267511408
1316546583101
1317190953870
1317534515619
1318043151822
1318442876005
1319329187800
1321004934790
1321282230280
1321347188236
1321430707211
1321521238477
1322099131578
1322410800832
1323099462627
1324386143702
1324528501535
1325581666373
1326067535749
1326522816065
1327014728794
1327080635559
1327239267899
1327395488373
1327480941350
1327581799021
1328173979292
1328433630483
1328511263044
1328572559588
1329110152553
1329259406197
1330359135533
1330591620744
1331422545820
1331592952369
1332059957027
1333182994736
1333587487315
1335553157222
1336186042823
1336392581909
1337014746722
1337125507523
1337177633684
1337227903216
1337366564125
1338084554970
1338328757304
1338599187080
1340263280033
1340345439501
1341028893124
1342220263112
1343398487259
1343566972156
1344163374565
1344272135623
1345384000872
1345488063665
1346023399470
1346056720165
1346287015088
1347124706844
1347411615394
1347478991051
1348032571851
1348142607084
1348252743864
1348317590684
1348409655630
1348595172649
1350083509932
1350565492069
1351388453900
1352186323851
1353478009675
1354175465115
1354237203815
1356459718519
1356480476206
1356535084468
1358077836397
1359069918007
1359105621270
1400234099398
1400512572815
1400540831383
1400566537801
1401062406671
1401091523339
1401162998261
1401317540289
1401470984457
1401525997786
1402149507824
1402188249093
1402332496729
1402463317009
1402570554439
1403068758854
1403227025054
1403374914151
1403536090899
1403574034955
1404216782118
1404497683281
1404572349970
1405179059962
1405479635201
1406594094384
1407297553078
1407331483075
1407408875317
1408196274210
1408271590710
1409077791898
1409299339437
1411418828265
1411496907207
1412055184362
1412109144691
1412434875440
1412549366731
1414064718492
1414520630905
1415507602377
1416420361935
1418147329340
1418251152769
1418338185036
1418474298655
1419537193958
1420108634404
1420247618881
1420426723106
1420529795407
1421281734205
1421559270984
1422233880038
1424427898456
1425033796068
1426078525660
1426207066710
1426241372078
1426567300390
1427042015530
1427250144850
1427299560837
1427525464984
1428086438800
1428198790756
1428381212297
1428427187584
1429521731762
1430485205417
1430521330708
1433257675253
1433551112748
1434255431334
1435590091822
1436196858482
1436376190850
1436457877900
1437082517977
1437246662935
1437393809772
1438248714147
1438498107946
1440114227958
1441018801417
1441324945767
1441569833737
1442167875578
1442388538198
1442533375671
1443174754768
1443342103008
1443466426759
1444065590773
1445454002612
1446119107054
1447220381743
1451000979404
1451355508135
1452255270830
1453037772177
1453087912473
1453212937903
1453251210164
1455060509920
1455301380316
1456593464186
1457233605560
1457474844201
1457574114225
1458063948602
1458170408104
1458340933309
1458523035021
1459184774418
1459589726626
1500148279981
1500210266697
1500250003172
1500316409314
1500410503650
1501049769255
1501152421435
1501327278880
1501394446326
1502103865600
1502263305727
1502366154145
1502466880145
1503143002103
1503239254963
1503321415318
1504105230173
1504245712561
1504346129460
1505162784445
1505306453525
1506469453890
1506519276840
1507150988802
1508268727743
1508378465349
1508477780799
1508548283077
1509234020425
1512392831115
1512476667300
1512578417409
1513105232102
1513239374854
1514357443043
1514500027998
1515091783055
1518058328265
1519464759045
1520476059974
1521161656678
1521551214577
1523302649141
1523485743467
1524077580015
1524118251965
1524475993306
1526190983217
1526211189929
1526442807883
1527030879312
1527146821976
1528096585667
1528162864629
1528518113305
1529365708982
1529461980417
1531173319296
1531332309360
1532187461839
1532419854519
1533081441296
1533341875201
1534080159703
1535093702361
1535455469477
1536279438096
1537317077734
1538284593822
1539154524066
1539592401642
1540473820192
1541335166460
1542065876136
1542248938912
1543038085611
1543239609164
1544215801222
1545010666139
1545234703683
1545477168518
1546063882419
1546383088788
1546524982098
1547284644165
1547427665923
1548109199736
1548270890858
1548463816950
1549033740004
1549195384154
1549362848406
1549507167916
1550023631082
1550147877305
1550286913021
1550461514238
1550578514013
1551136910367
1551426320497
1551579966490
1552135612277
1552213398299
1552437746600
1553526683730
1554175915131
1554430663101
1554537886968
1555048917732
1555210982822
1555348720074
1555429517604
1556228851058
1559059449734
1559362108321
1601237504480
1601577968266
1602326453756
1602436309262
1604008998423
1604582972062
1605207739269
1605381346645
1605597085138
1606225327102
1606494963354
1607032853028
1607153165142
1607271701315
1607438836273
1608147035056
1608262735423
1608415660090
1608581600665
1609129885967
1609432221190
1609557933588
1610176626486
1610295554271
1610403421690
1611178759640
1611378259987
1612022721594
1613141681109
1613376046065
1614496074771
1615169976007
1615389329508
1616208645056
1617035700273
1617586549743
1618163112301
1618565930627
1619118811386
1619210031614
1619276153966
1620037634840
1620098647335
1620482585733
1621285034253
1622481495950
1624031411329
1624100252555
1625548946837
1626040434913
1626107879232
1627033747992
1627081911751
1627151904689
1627308475144
1627448459785
1627549758889
1627561122375
1629405963935
1630213829400
1630577035006
1632095587475
1632381095353
1632418270496
1632563856515
1634192378894
1637148641197
1637440943924
1638415225323
1638543458239
1639087137613
1639195868067
1639374627870
1639413220654
1639476177821
1640431169663
1640509332402
1640555060381
1641004113103
1641201628709
1643070033224
1643407045693
1643485735399
1643571073796
1644392018979
1644528587142
1645070749663
1646222250593
1648413468384
1649136901052
1649263022521
1649388020505
1649473204834
1649504421690
1651145673125
1651229469388
1652124671979
1655125076615
1655381671130
1655538914761
1656073338717
1656192102642
1656530485502
1658009104384
1659253415247
1659580296428
