383.978
383.67
383.978
384.04
384.0
384.0
384.04
384.04
384.2
384.212
383.988
383.988
384.0
383.988
383.988
384.0
383.7
384.0
384.0
384.0
384.0
384.0
384.0
384.0
384.0
384.0
384.0
384.0
383.813
383.781
384.0
384.177
384.184
384.15
384.1
384.1
383.982
384.1
383.702
384.1
384.1
383.7
384.04
384.0
384.023
384.035
384.02
384.035
384.022
384.022
384.022
384.022
384.02
384.0
384.0
384.0
383.7
383.8
383.8
383.722
383.8
383.8
383.21
383.132
383.3
383.3
383.722
383.722
383.34
383.34
383.34
383.34
383.799
383.799
383.322
383.322
383.532
383.14
383.14
383.649
383.14
383.003
383.977
383.839
383.83
383.827
383.822
383.8
383.796
383.797
383.647
383.647
383.647
383.6
383.6
383.522
383.522
383.38
383.522
383.671
383.671
383.671
383.671
383.799
383.799
383.799
383.799
383.8
383.8
383.79
383.789
383.789
383.789
383.789
383.789
383.789
383.745
383.749
383.749
383.4
383.6
383.749
383.749
383.8
383.6
383.6
383.6
383.8
383.8
383.8
383.8
383.8
383.8
383.8
384.0
383.8
383.873
383.873
384.047
383.993
384.02
383.62
383.65
384.18
384.18
384.789
383.676
384.209
383.7
383.676
384.17
384.17
384.168
384.0
383.988
383.98
383.93
383.93
383.9
383.899
383.898
383.896
383.895
383.85
383.85
383.61
383.601
383.601
383.601
383.6
383.6
383.55
383.55
383.55
383.55
383.55
383.5
383.55
383.55
383.55
383.5
383.55
383.549
383.549
383.5
383.5
383.5
383.5
383.52
383.52
383.5
383.52
383.52
383.54
383.54
383.54
383.5
383.54
383.54
383.549
383.548
383.549
383.53
383.38
383.549
383.38
383.549
383.306
383.549
383.549
383.5
383.499
383.499
383.499
383.499
383.41
383.25
383.409
383.409
383.48
383.5
383.5
383.5
383.482
383.5
383.5
383.49
383.49
383.49
383.49
383.5
383.5
383.5
383.2
383.2
383.2
383.164
383.45
383.45
383.5
383.503
383.52
383.503
383.503
383.501
383.5
383.5
383.5
383.5
383.5
383.5
383.5
383.5
383.5
383.5
383.503
383.11
383.503
383.503
383.52
383.55
383.6
383.6
383.6
383.61
383.61
383.849
383.84
383.85
383.838
383.828
383.82
383.819
383.819
383.799
383.799
383.75
383.749
383.749
383.749
383.75
383.898
383.476
383.898
383.898
383.898
383.897
383.897
383.897
383.897
383.897
383.897
383.813
383.813
383.814
383.5
383.695
383.898
383.832
383.832
383.5
383.832
383.832
383.832
383.754
383.635
383.634
383.635
383.635
383.634
383.635
383.635
383.754
383.643
383.5
383.755
383.755
383.755
383.843
383.808
383.5
383.5
383.761
383.654
383.654
383.8
383.799
383.8
383.5
383.8
383.799
383.696
383.689
383.689
383.689
383.689
383.5
383.5
383.643
383.643
383.643
383.642
383.5
383.642
383.642
383.642
383.642
383.642
383.643
383.5
383.5
383.64
383.64
383.563
383.563
383.563
383.563
383.563
383.5
383.563
383.5
383.677
383.677
383.639
383.639
383.5
383.639
383.639
383.639
383.639
383.638
383.639
383.639
383.677
383.677
383.677
383.677
383.677
383.677
383.677
383.65
383.677
383.677
383.677
383.66
383.799
383.799
383.8
383.8
383.8
383.799
383.799
383.799
383.799
383.8
383.71
383.71
383.71
383.7
383.71
383.698
383.699
383.799
383.799
383.8
383.672
383.5
383.638
383.15
383.11
383.301
383.11
383.301
383.461
383.351
383.351
383.35
383.351
383.14
383.131
383.131
383.131
383.329
383.11
383.351
383.14
383.352
383.352
383.351
383.351
383.349
383.147
383.352
383.0
383.672
383.659
383.65
383.61
383.6
383.53
383.5
383.341
383.55
383.467
383.467
383.0
383.0
383.0
383.0
383.0
383.0
383.0
383.0
383.0
383.0
383.0
383.0
383.0
383.0
383.0
383.0
383.0
383.0
383.0
383.0
383.0
383.0
383.0
383.0
383.0
383.656
383.656
383.798
383.632
383.631
383.631
383.475
383.475
383.649
383.519
383.008
383.657
383.008
383.64
383.525
383.008
383.659
383.66
383.659
383.659
383.798
383.798
383.798
383.798
383.798
383.662
383.799
383.799
383.799
383.799
383.799
383.18
383.799
383.8
383.799
383.8
383.799
383.8
383.799
383.799
383.8
383.8
383.799
383.21
383.688
383.689
383.8
383.8
383.8
383.8
383.8
383.8
383.799
383.799
383.8
383.8
383.98
383.98
383.98
384.0
384.49
384.0
384.44
384.547
384.504
384.513
384.7
384.7
384.508
384.504
384.369
384.369
384.369
384.369
384.0
384.19
384.19
384.011
384.0
384.011
384.369
384.169
384.369
384.369
384.369
384.504
384.504
384.504
384.504
384.504
384.504
384.504
384.504
384.035
384.504
384.49
384.504
384.49
384.49
384.02
384.0
384.01
384.33
384.0
384.504
384.504
384.382
384.382
384.382
384.382
384.489
384.489
384.489
384.0
384.489
384.489
384.49
384.47
384.49
384.49
384.49
384.49
384.49
384.372
384.321
384.321
384.49
384.49
384.49
384.49
384.49
384.49
384.49
384.49
384.48
384.49
384.49
384.49
384.49
384.504
384.504
384.29
384.504
384.504
384.504
384.504
384.504
384.504
384.504
384.504
384.5
384.5
384.504
384.504
384.504
384.504
384.5
384.504
384.889
384.999
384.361
384.923
384.361
384.535
384.923
384.812
384.888
384.999
384.999
384.55
384.888
384.723
384.889
385.09
384.61
384.61
384.972
384.99
385.279
385.28
385.28
385.28
385.216
385.216
385.25
385.25
385.25
385.5
385.25
385.5
385.25
385.25
385.218
385.218
385.3
385.3
385.3
385.5
385.365
385.508
385.508
385.601
385.79
385.79
385.885
385.8
385.8
385.85
385.886
385.85
385.8
385.85
385.886
385.8
385.8
385.8
385.808
385.808
385.805
385.808
385.808
385.886
385.886
385.886
385.886
385.801
385.886
385.919
385.933
385.886
385.933
385.933
385.366
385.989
385.8
385.8
385.8
385.8
385.8
385.989
385.699
385.699
385.907
385.658
385.52
385.907
385.62
385.907
385.839
385.98
385.62
385.956
385.956
385.99
385.912
385.912
385.912
385.61
385.911
385.911
385.911
385.921
385.99
385.99
385.99
385.979
385.979
385.99
385.989
385.969
385.985
385.983
385.975
385.975
385.975
385.975
385.974
385.983
385.974
385.983
385.984
385.985
385.985
385.985
385.985
385.986
385.986
385.989
385.99
385.989
385.989
385.989
385.989
385.989
385.989
385.99
385.99
385.99
385.99
385.99
386.0
386.26
386.26
386.795
386.441
386.552
387.0
387.335
387.0
387.0
387.335
387.335
387.649
387.72
387.683
387.839
387.61
387.61
387.62
387.62
387.62
387.62
387.262
387.849
387.849
387.988
387.999
387.999
387.999
387.849
387.849
387.95
388.035
387.95
387.851
387.634
387.312
387.312
387.312
387.312
387.02
387.478
387.456
387.456
387.456
387.456
387.33
387.01
387.311
387.311
387.33
387.33
387.33
387.089
387.01
387.01
387.33
387.089
387.1
387.1
387.089
387.32
387.32
387.32
387.32
387.32
387.273
387.32
387.273
387.32
387.32
387.33
388.08
387.138
388.192
388.189
388.079
388.099
387.999
388.0
387.999
387.925
387.847
387.999
387.999
388.0
387.77
387.888
387.999
387.999
387.999
387.858
387.999
388.0
388.0
388.026
388.098
388.098
388.098
387.858
387.77
387.858
387.858
387.77
387.858
387.77
387.858
387.77
387.77
387.858
387.77
387.78
387.77
387.858
387.77
387.858
387.858
387.77
387.858
387.858
388.0
388.167
388.203
388.227
389.0
388.557
389.0
389.0
389.0
389.75
390.0
389.084
389.288
389.999
389.289
389.289
389.417
389.999
389.418
389.418
389.998
389.43
389.43
389.998
389.999
389.584
389.619
389.997
389.997
390.628
389.619
390.311
390.439
390.62
390.269
390.511
390.609
390.67
389.889
390.711
390.193
390.786
390.193
390.186
390.193
390.193
390.357
390.193
390.575
390.271
390.498
390.499
390.5
390.5
389.67
389.747
390.389
389.7
389.7
390.224
390.29
390.581
390.763
390.763
390.625
390.625
390.786
391.0
390.83
391.004
391.047
391.211
391.047
391.432
391.431
391.49
391.047
391.018
390.938
391.407
390.938
390.938
390.938
390.908
391.4
391.406
391.42
391.39
391.453
391.398
391.452
390.908
390.908
391.229
390.8
390.918
390.534
390.918
390.918
390.524
390.78
390.78
390.499
390.78
390.78
390.78
390.78
390.495
390.495
390.495
390.35
390.311
390.311
390.311
390.311
390.311
390.013
390.012
390.012
390.0
390.012
390.01
390.076
390.311
390.521
390.521
390.521
390.012
390.519
