0.2069
0.22154455
0.14679663
0.2389
0.0597
0.06015672
0.3099
0.0597
0.13288087
1.3001
0.2388
7.154
0.2389
0.0651062
1.27353548
0.04382032
0.09581154
0.12529774
0.36508
0.0597
0.2389
1.898
0.50100449
0.8153125
0.2389
2.0
0.52
0.10457244
0.8
0.021
0.56597937
0.95531875
1.25331943
0.01767
0.3335
0.03
0.77868233
2.6465
0.3
0.24484599
4.3
0.1
0.78970513
0.033
0.5622
0.3
0.05
1.85961171
0.31939
0.10981
0.0597
0.06026207
4.95
0.10479042
1.25019224
0.3537
2.0
0.04778567
0.21321091
0.0275
0.25143
0.3492214
0.25
0.95265572
0.0149
0.10728645
0.06109
0.015
4.75996696
1.13195
0.1111
0.2391
4.29649231
0.919
0.063
4.0966
1.94856
0.92754138
2.21651457
0.3535
0.2
5.87395967
0.2391
0.10014615
0.239
0.13834951
1.0
0.239
0.076255
0.239
0.02559483
0.1195
0.25045255
0.3
0.1286596
2.52417902
0.36229262
0.0455
0.3
1.73411884
0.24398508
0.1196
1.31459
0.01240726
0.21104797
0.20844
0.10948
0.23687
1.25369281
0.08346577
0.06258365
0.7072
0.25512999
0.12
0.011
0.0637
0.14750572
0.505
0.21
0.00227016
0.01302935
0.07109
1.0
4.60852
0.51302935
0.26
0.25065145
1.5236808
0.12381448
2.64
0.11688
0.18
0.3001
1.09847393
1.70256174
0.90152607
2.0
0.1313
0.70256174
0.50989026
0.15
0.8686
0.69
0.0118
0.66807636
2.34587118
0.1
0.01176443
1.1
0.03852503
0.1298
1.92724041
0.2388
0.02525
0.07622
0.1205
2.0
0.17808
0.14221557
2.32
0.239
0.0276656
0.4723344
2.69
0.06266131
0.5
0.78665509
0.04781
0.481
29.136
0.39723919
3.86897
0.16027707
0.1012
0.52622438
0.2392
0.072
0.22
0.04779
0.46514
1.05
0.1919
0.2392
0.66
0.878
0.11342894
0.2392
0.18965
4.29037894
0.44
0.042
5.0
0.2392
2.05017894
3.0
0.25055817
0.013241
3.255
1.44426289
0.42357992
0.55573711
0.07870206
0.008489
0.31494191
0.52144576
0.35029465
0.27566187
7.39453656
1.1051
0.0606
3.0
0.39
0.87340905
0.203616
0.26075687
0.16652
0.45348
0.00521636
7.00917211
10.0
0.1
1.21911473
0.05
0.304
0.3614
0.14
0.41118626
0.25045255
1.53517536
0.46482464
0.48
0.1744
1.6856
4.0
0.61
1.70182438
1.37533
0.16001013
14.8397898
1.0
0.03332667
0.2393
0.0134
0.45327333
0.21879
0.53768
17.0128347
0.25
0.2392
0.3032
0.2392
3.8924
0.16594298
0.06623601
1.36836041
3.63163959
2.152
0.26516993
0.1196
4.76178285
1.4317843
0.46676081
5.05502349
0.17280797
1.05041655
0.0598
0.33899782
0.00260525
0.86979627
0.20235073
2.0
0.17545218
0.239
0.17545629
0.22435
0.1240664
0.17546543
0.4017356
0.1754883
0.239
0.17548784
0.16020743
2.18261
0.2391
0.17542019
0.08367
0.239
0.17542064
0.4042
0.17542064
0.239
0.87704064
0.17542064
0.03204685
0.17545858
0.69586
0.17551299
6.18143291
0.17545035
0.0598
0.0108
0.153414
0.17545035
1.0001
0.17548555
0.2391
0.19129177
1.4198641
0.17554044
0.22511
0.17554044
0.0303
1.20088542
0.17554044
0.10004
0.17548555
0.12295
0.17548555
0.67014526
0.10015424
0.075
1.9591
1.0
0.17553175
0.5
0.08731201
0.17546498
0.17546498
0.223
4.4
0.17546498
0.17546543
0.17551574
0.02481176
0.1196
0.1195
0.31018153
0.421
0.17553678
0.2391
1.30329499
0.17553724
1.1333648
0.2431
1.00919607
0.02530666
0.17553724
0.080712
1.07751844
0.0237
0.1474
3.8672
0.25039046
0.1755734
0.62605375
0.1755734
1.08609
0.1755734
0.31201306
0.1755734
0.13459
0.1755734
0.17552123
0.312
0.2051
0.60065654
0.17552123
0.17553861
0.26066171
0.17553861
0.1
1.13323408
0.1
0.31464126
0.17552123
0.46
0.17552123
0.09985448
0.07108
0.11487277
0.2055
0.18616849
1.55575459
0.17552123
0.028
0.17552123
1.18843762
0.17546543
7.0
0.17546498
0.17546498
2.4753
0.1195
0.5456
0.17546543
0.25
0.17550613
0.01177972
0.25
0.17550613
0.13031081
0.16585
0.02732314
0.34683019
0.17546543
0.49966116
18.661
0.17553907
0.25
0.015
0.17576907
0.05535
0.17569341
0.06264731
0.01
0.17567049
1.01
0.17567049
0.016
0.17577136
0.22891
0.02581955
0.17568057
0.043853
0.046568
0.17567003
0.21167003
0.479647
0.11155
0.17567049
0.17567141
0.2393
0.17567141
2.0
0.2393
0.06264576
0.17552992
0.2391
0.17555234
0.1755885
0.11849
0.17567507
1.89193054
0.0481
0.17562101
0.18431806
3.0
0.27556135
0.17583148
0.33455177
0.04637
0.12532572
0.17583148
0.10022765
0.7577
0.10027235
0.10037681
1.13289705
0.10047649
0.17555186
1.1327
0.17583148
1.1327
0.2395
0.0161
0.01096921
0.17583148
0.4704
0.02692499
0.2148
0.17211924
0.01
0.338
0.17546589
0.17554227
0.267
0.1196
0.17561369
0.1196
0.17559354
1.239535
0.1196
0.0709
0.1196
0.17552992
0.33969971
0.2391
0.2391
0.1328
0.469648
0.17552946
0.3
0.38235621
0.17546589
0.1195
0.0598
0.17546589
0.16426
0.17546543
0.0598
0.17546543
1.88803
0.77327575
0.16433118
0.45756119
0.17546498
0.1651
0.17546498
0.12195003
2.18
0.239
0.3553
0.1651
0.06611122
0.14349036
0.25051467
0.17551574
23.0
0.17546498
0.44552
0.17546498
0.13172508
0.57057057
0.17546543
4.42
0.17546498
0.05081347
0.17538272
0.36649619
0.17538057
0.17537359
0.1
0.5
0.01833287
0.16426
0.26006
0.17504993
0.1101
0.17514189
0.03574
0.166345
1.24952804
0.2387
0.0104
1.743807
0.52961524
0.7882
0.02479095
0.07439976
0.34596
0.2525
0.32514487
4.35
0.24990103
0.2388
0.82076036
0.2387
0.12041916
0.25835
0.2386
0.04861
0.24489089
0.07265
0.08138445
0.2386
0.9428
0.16562
0.2386
0.202148
0.25
0.24869296
0.02765559
1.2763
0.13120198
1.268
0.2386
0.94
0.025
0.02476702
1.8867
0.14504834
0.1002443
0.2386
0.4126
0.09634
0.10428796
0.1001
0.2314
2.6
0.34158
0.39012718
0.15008544
0.08128689
0.07116533
0.06560069
0.06405031
1.5405
0.2386
0.04644371
0.2386
0.23114355
0.2386
0.05602458
0.2386
0.2386
0.0879
0.24422
0.2386
2.4001
0.43434105
0.16051746
0.86876883
0.2386
1.316
0.2647008
0.5075
0.2386
20.0075941
5.0
2.4001
0.3305
0.03
1.29202304
2.4001
0.8082
1.54792678
0.01025
0.02844311
0.01865284
0.49641
0.87841119
0.38
0.0561
2.0387
0.18185455
0.016
0.11601212
0.02864455
0.06083173
5.0
0.026
0.09243437
0.0797
7.5607237
0.0804
1.5
0.08360132
1.04841868
0.09667135
0.04905
0.22454
0.07254668
0.0119657
0.05372902
0.2381
0.346
8.84241839
0.01638211
0.05726244
0.238
0.05726244
0.05730188
0.05091958
0.05406551
0.06225764
0.06215869
0.06109892
0.0520478
1.0184
0.05666944
1.0
0.05821323
0.11231764
0.06834372
0.06594
1.0
0.06728541
0.24981438
0.93907475
1.0
0.02
0.323
7.60688
1.026
0.026
0.3349
1.26792726
0.12959814
0.54830463
0.05595918
0.2378
9.08119625
0.1189
4.6322
0.050312
0.261
0.907
0.00915328
0.38119048
0.094
0.54600048
0.07611257
0.026
0.17267
0.2377
0.1189
0.47802535
0.2378
0.1
0.08472535
0.1775742
1.42073667
1.0
0.2379
0.2649733
0.50722672
0.271
0.2377
0.45
0.3804453
0.031
0.2377
0.3
1.68468
0.2377
1.0
3.97546466
1.0
0.149985
5.0
4.98438054
0.4
5.0
0.51814813
2.01182105
1.6422668
0.06464
0.11487
1.0
0.0117
0.0594
2.6
1.67753722
0.67569
0.11566256
0.2
0.0784127
0.23132032
0.0784127
0.0784127
0.0794137
4.95637458
0.07941337
1.0
0.07941337
0.0157
0.07951314
0.1188
15.2302883
0.07981245
0.07991422
0.07991344
0.07981139
0.07931214
0.0929
0.02545175
5.0
0.2377
0.02544971
19.449
0.0248
0.07556759
0.06276963
2.83960344
0.03245
0.14221742
0.08079301
0.4204
1.37111517
0.06957258
0.02616027
0.07220166
0.1615
0.85015
0.4439
0.12449156
1.0
0.03466602
0.11769258
0.2367
1.2004
0.0251
1.08576522
0.0858
0.0904
0.17175
1.253
1.2005
0.2365
0.0904
0.0905
0.0503836
1.91597135
6.70089006
1.0
2.11
0.2364
8.69744205
0.2369
0.12159445
0.13317846
0.2369
0.8501
5.0
0.04973
0.13162784
1.26221011
0.22515954
0.06045297
0.2368
0.2471
0.2369
0.0495
0.992
0.0848
8.09132196
3.77686696
0.0608
0.0592
0.1184
0.0758
0.21554
0.04825
7.636
0.15867
0.0872147
1.0727
0.3206346
0.9662
1.75049055
0.152
5.22879988
0.0904
1.9682
0.03673586
0.68477108
0.02369228
2.2
0.1
0.68698
0.24887268
0.06411871
0.07
2.92924084
0.12447622
0.19747871
0.038
0.01
1.01648
0.50652696
0.015857
0.1939
1.4
8.91436396
1.441
0.36210721
0.08910721
0.1182
0.3841
0.17711708
0.00964967
0.01336427
0.1183
5.84097107
0.09515135
0.0998
0.0111
1.0890598
0.5
0.04731
0.0195
0.2365
0.3207
0.79635371
0.13
0.37851436
0.35158
0.0858
0.2365
0.326
0.1
0.05605396
0.1
0.01
42.4395467
0.00758988
5.0
0.43760175
0.01
0.25
0.5
0.07961662
0.03
0.05089513
0.6131
7.679
2.0
0.4
0.90044983
0.17824898
0.01
8.4108
0.07037406
0.16933
0.11121788
0.01
0.0888
0.02
0.10109305
2.02619115
9.305e-05
0.01
0.97326342
2.65987484
0.1
0.01
0.60230418
0.0538
0.12362
0.01
4.0
3.7733
0.49
0.0898
0.0526
0.12814171
0.6
0.052
0.235
0.01536
0.06562561
0.8945
0.3231
0.11347
4.48328917
0.036
0.02869912
0.01538578
4.74994
0.12813153
0.11865
0.38262038
0.218542
0.22364
3.74051
0.0781991
0.3
0.14297484
4.0
2.8217601
0.0335
0.01
2.45285
0.101
0.1805
0.01
0.0870844
0.0898
0.08318691
0.5913224
2.56194847
2.771
0.3
1.87726
0.01
0.07367069
7.32179113
0.02554996
0.36326
0.4
0.80359297
0.09
5.0
0.0109
0.49726
2.0
0.08
0.2347
0.51
0.496
0.2347
1.23686596
0.5
0.1174
5.0
0.12369568
0.0288
1.45
0.0005
4.0
0.04652
0.24256
0.235
0.02513899
0.2351
0.49838376
6.5
1.51038142
0.00161624
0.2832
0.2352
0.16628
0.52009
0.2352
0.0122
0.23588
0.2352
0.71481449
0.06862659
